<?xml version="1.0" encoding="UTF-8"?>
<kml xmlns="http://earth.google.com/kml/2.0">
<Document>

<Style id="z1">
<IconStyle><Icon><href>http://www.google.com/intl/en_us/mapfiles/ms/micons/blue-dot.png</href></Icon></IconStyle>
</Style>

<Placemark> 
<LineString>
  <coordinates>

-118.289042,38.021214,0.
-118.64843624598255,38.04100033869002,0.
-119.00420186688912,38.10019559605859,0.
-119.35273968162169,38.19830982191144,0.
-119.69050915869573,38.33453084155913,0.
-120.01405714712004,38.507730831791314,0.
-120.32004589995056,38.71647545259772,0.
-120.60528016367354,38.95903546071876,0.
-120.8667331141348,39.2334007110191,0.
-121.10157092906861,39.537296432349216,0.
-121.30717579831595,39.86820164614891,0.
-121.48116718546802,40.22336957870233,0.
-121.62142116882445,40.5998499018161,0.
-121.72608770510342,40.99451262189194,0.
-121.79360567615444,41.404073424022286,0.
-121.82271559687089,41.82512026595917,0.
-121.81246988143022,42.25414100668991,0.
-121.76224058475441,42.68755184597809,0.
-121.6717245565202,43.12172634466394,0.
-121.54094596599228,43.55302479081732,0.
-121.37025617723542,43.977823674036614,0.
-121.16033097570825,44.39254502931175,0.
-120.91216516868123,44.79368541292503,0.
-120.6270646031787,45.17784427584198,0.
-120.3066356660492,45.54175150492133,0.
-119.9527723511489,45.8822939090095,0.
-119.56764099831624,46.19654043552513,0.
-119.15366282766183,46.481765913415735,0.
-118.71349441054338,46.73547313029639,0.
-118.25000623529674,46.95541306506459,0.
-117.7662595412171,47.13960311221576,0.
-117.26548160830096,47.2863431503401,0.
-116.7510397027605,47.39422932473184,0.
-116.22641388920191,47.46216543254491,0.
-115.695168929534,47.48937181833535,0.
-115.16092549606519,47.47539170798312,0.
-114.62733093179864,47.42009492972056,0.
-114.09802979460082,47.32367899214547,0.
-113.57663442366753,47.18666751049008,0.
-113.0666957665317,47.009905993882334,0.
-112.57167470274788,46.7945550276967,0.
-112.09491409636816,46.542080906177944,0.
-111.63961180342504,46.25424379115943,0.
-111.20879485290651,45.93308349272298,0.
-110.8052950102095,45.58090298689635,0.
-110.43172592086795,45.20024980380197,0.
-110.09046201955934,44.793895436908215,0.
-109.78361937510536,44.36481294005286,0.
-109.5130386265107,43.91615289357696,0.
-109.2802701481585,43.45121793410926,0.
-109.08656156423669,42.97343605416725,0.
-108.93284771345401,42.48633288769893,0.
-108.81974314526994,41.993503205897476,0.
-108.74753720837194,41.498581854013615,0.
-108.71619177115014,41.0052143644151,0.
-108.72534159261495,40.51702748376329,0.
-108.774297340749,40.037599852872134,0.
-108.86205123385474,39.57043307657861,0.
-108.98728525922802,39.11892341779698,0.
-109.14838190262476,38.686334344876315,0.
-109.34343730166474,38.27577015447394,0.
-109.57027671669586,37.89015088345138,0.
-109.82647219388333,37.53218871286536,0.
-110.10936227754348,37.204366055048396,0.
-110.41607361215395,36.90891550114999,0.
-110.74354425917635,36.64780179144944,0.
-111.08854853994657,36.422705954377896,0.
-111.44772320353559,36.23501174263287,0.
-111.817594707758,36.08579447617389,0.
-112.19460739249597,35.975812382405955,0.
-112.57515231728253,35.90550050364332,0.
-112.95559652971228,35.8749672211655,0.
-113.33231252775946,35.88399342399697,0.
-113.70170767751418,35.932034329134396,0.
-114.06025334820862,36.018223938482784,0.
-114.40451352869307,36.14138209641901,0.
-114.73117269371969,36.300024090850286,0.
-115.03706269446364,36.492372720046696,0.
-115.31918845561061,36.716372727567396,0.
-115.574752270999,36.9697074884317,0.
-115.80117650115005,37.24981781146322,0.
-115.9961244889548,37.553922705605764,0.
-116.15751952420973,37.879041942112416,0.
-116.28356170348746,38.22202022997202,0.
-116.37274254886435,38.5795528088793,0.
-116.42385726716836,38.94821225258011,0.
-116.43601455050958,39.32447626562588,0.
-116.40864383875758,39.704756248530245,0.
-116.34149998517464,40.08542640010087,0.
-116.23466528743398,40.4628531213711,0.
-116.08854886757807,40.83342448311494,0.
-115.90388340593154,41.193579518414026,0.
-115.68171925540135,41.53983710316131,0.
-115.423415983802,41.86882419072161,0.
-115.13063141266198,42.17730317219705,0.
-114.80530824123306,42.46219814082296,0.
-114.4496583639704,42.720619847890525,0.
-114.0661450084218,42.949889148183814,0.
-113.6574628381076,43.14755874514546,0.
-113.22651618144475,43.311433059748126,0.
-112.77639556293771,43.43958606223664,0.
-112.31035272660132,43.53037692239515,0.
-111.83177435378535,43.58246335165163,0.
-111.34415468813872,43.59481252901581,0.
-110.85106728929777,43.566709522403734,0.
-110.35613614393554,43.49776313717646,0.
-109.86300636801073,43.387909144545404,0.
-109.3753147373646,43.23741086370562,0.
-108.89666028520301,43.04685709297896,0.
-108.4305752044599,42.81715740670698,0.
-107.98049629057047,42.549534855957,0.
-107.54973715580812,42.24551613211922,0.
-107.14146144009364,41.90691927300971,0.
-106.7586572351197,41.53583901098623,0.
-106.40411292881174,41.134629881670534,0.
-106.0803946656503,40.70588722999792,0.
-105.78982560529977,40.252426267334506,0.
-105.53446714743217,39.77725934917867,0.
-105.31610227471933,39.28357165736658,0.
-105.13622114882142,38.7746954836163,0.
-104.9960090759625,38.25408332256674,0.
-104.89633693950354,37.72527999210404,0.
-104.83775417695412,37.19189400664166,0.
-104.82048435826773,36.65756843506751,0.
-104.8444234012101,36.12595147924273,0.
-104.90914043824341,35.600667011198645,0.
-105.01388132790734,35.085285307512905,0.
-105.15757478227118,34.58329421774943,0.
-105.33884106085618,34.09807100033365,0.
-105.5560031606524,33.63285505383129,0.
-105.8071004116501,33.1907217643519,0.
-106.08990436783398,32.77455768076286,0.
-106.40193686500811,32.387037218652345,0.
-106.74049009927977,32.03060108160479,0.
-107.1026485636746,31.707436574451606,0.
-107.48531266531437,31.419459967845285,0.
-107.88522383198546,31.168301056900464,0.
-108.29899090487086,30.955290038885526,0.
-108.72311760380663,30.781446816176754,0.
-109.1540308427432,30.647472811055557,0.
-109.58810966620955,30.553745358597144,0.
-110.02171457255147,30.500314723030566,0.
-110.45121698658498,30.486903761714185,0.
-110.87302864309568,30.512910239439503,0.
-111.28363064333786,30.577411774322982,0.
-111.67960194933279,30.6791733752441,0.
-112.05764708531746,30.816657509810486,0.
-112.41462282211216,30.988036621347455,0.
-112.74756362840898,31.19120799358569,0.
-113.05370568296348,31.423810842717156,0.
-113.33050925332161,31.68324549845987,0.
-113.57567925993595,31.96669451886257,0.
-113.78718385921329,32.27114556792768,0.
-113.9632708950723,32.593415870861605,0.
-114.10248208584295,32.93017804899135,0.
-114.20366483167084,33.277987125218786,0.
-114.26598154685094,33.63330848140855,0.
-114.28891644154938,33.992546541400685,0.
-114.27227969801824,34.35207394746493,0.
-114.21620900749885,34.70826099401984,0.
-114.12116845537284,35.05750508035718,0.
-113.9879447635854,35.39625994395845,0.
-113.81764092075645,35.721064437766145,0.
-113.6116672515413,36.028570618464066,0.
-113.37172999753045,36.31557091839783,0.
-113.09981750212093,36.57902418118454,0.
-112.79818411118693,36.81608035025806,0.
-112.46933191986643,37.024103610500674,0.
-112.11599051321582,37.20069379563311,0.
-111.741094864723,37.34370588807289,0.
-111.34776157158085,37.451267453411745,0.
-110.93926361908629,37.521793868380676,0.
-110.51900387843614,37.554001219032585,0.
-110.09048755244356,37.546916764730234,0.
-109.65729379221528,37.49988688323156,0.
-109.22304671454036,37.41258243255324,0.
-108.79138605459227,37.28500148620378,0.
-108.36593769149822,37.11746941963853,0.
-107.95028428535879,36.910636347229655,0.
-107.54793626339871,36.665471930490675,0.
-107.16230339010392,36.38325759957339,0.
-106.79666715147265,36.06557625099352,0.
-106.45415417691902,35.71429950497023,0.
-106.13771091396764,35.33157262551827,0.
-105.85007976073766,34.91979722535073,0.
-105.59377684941454,34.48161189558107,0.
-105.37107166054342,34.01987091701097,0.
-105.18396863315917,33.53762122531935,0.
-105.03419091961227,33.0380778166017,0.
-104.92316641658965,32.52459779233337,0.
-104.85201618540505,32.00065325384405,0.
-104.82154535529332,31.469803265702993,0.
-104.83223658334458,30.935665114951636,0.
-104.88424612401917,30.40188509881978,0.
-104.97740254006132,29.872109077378422,0.
-105.11120806524855,29.349953029485036,0.
-105.28484260794816,28.8389738503504,0.
-105.49717036307706,28.34264062710037,0.
-105.74674897894614,27.86430662483683,0.
-106.03184120479102,27.407182209950967,0.
-106.35042892471049,26.97430892985532,0.
-106.7002294644171,26.568534958940504,0.
-107.0787140388076,26.1924921095037,0.
-107.48312819103143,25.848574593727758,0.
-107.9105140576154,25.53891970861696,0.
-108.35773427942254,25.265390600228567,0.
-108.82149736489926,25.029561246709942,0.
-109.29838430031116,24.832703781689638,0.
-109.7848761915729,24.675778260627478,0.
-110.27738271392788,24.559424952953915,0.
-110.7722711391942,24.483959222383774,0.
-111.26589570561836,24.449369036839673,0.
-111.75462709260513,24.45531512813472,0.
-112.23488176174249,24.501133800115845,0.
-112.70315092662416,24.5858423625309,0.
-113.15602891697536,24.708147146628676,0.
-113.59024070749203,24.866454037603365,0.
-114.00266838856346,25.058881438621896,0.
-114.39037636461482,25.283275561490626,0.
-114.75063507610406,25.53722792018434,0.
-115.08094305315922,25.818094885629712,0.
-115.3790471223459,26.123019143450513,0.
-115.64296060300506,26.44895288097812,0.
-115.87097934587408,26.792682515833526,0.
-116.06169548417057,27.150854765908697,0.
-116.2140087858343,27.520003849717057,0.
-116.32713551504082,27.8965795969336,0.
-116.40061473126111,28.276976241576534,0.
-116.43431197488395,28.657561664758436,0.
-116.4284203095722,29.03470685029376,0.
-116.38345871292009,29.404815314728936,0.
-116.30026782844308,29.764352273566054,0.
-116.18000311329074,30.10987330758878,0.
-116.02412543715344,30.43805229724359,0.
-115.83438920846514,30.74570839895595,0.
-115.6128281240199,31.029831845015003,0.
-115.36173865735763,31.287608358183576,0.
-115.08366141957723,31.516441983403634,0.
-114.78136054345845,31.71397615177952,0.
-114.45780125777272,31.878112806331437,0.
-114.11612583331436,32.00702943469939,0.
-113.75962809536215,32.09919387092138,0.
-113.39172670888716,32.153376746466925,0.
-113.01593745275511,32.168661489736074,0.
-112.63584470735654,32.14445179307766,0.
-112.25507238646419,32.08047648687982,0.
-111.87725454861638,31.976791781274937,0.
-111.50600592591867,31.83378085730837,0.
-111.14489260882526,31.65215081087594,0.
-110.79740312419848,31.432926974162893,0.
-110.46692014076184,31.177444660545174,0.
-110.15669303098313,30.887338399769646,0.
-109.86981151149259,30.564528750545325,0.
-109.6091805754096,30.211206797286785,0.
-109.37749691949588,29.82981645649766,0.
-109.17722705695105,29.423034736010937,0.
-109.0105872930243,28.9937501068749,0.
-108.87952572553506,28.545039162949262,0.
-108.7857064160071,28.08014175713801,0.
-108.73049585954841,27.60243481551489,0.
-108.71495186300356,27.115405041300402,0.
-108.73981492141043,26.622620729635116,0.
-108.80550216257106,26.127702921291263,0.
-108.91210390875882,25.634296128817027,0.
-109.05938288339921,25.14603887206693,0.
-109.24677606915209,24.666534261617077,0.
-109.47339920236163,24.19932086817403,0.
-109.73805386749923,23.747844113773546,0.
-110.03923713417996,23.31542841633963,0.
-110.37515365875163,22.905250313078124,0.
-110.74373015250606,22.520312780254717,0.
-111.14263209940555,22.163420957223682,0.
-111.56928258800897,21.837159471206885,0.
-112.02088310516811,21.54387154636524,0.
-112.49443612318561,21.285640066261912,0.
-112.98676929760843,21.064270743004904,0.
-113.49456107979391,20.881277529303873,0.
-114.01436753693245,20.737870391521213,0.
-114.54265016243906,20.634945542685767,0.
-115.07580445160688,20.573078214525953,0.
-115.61018901122425,20.552518027026423,0.
-116.14215496753171,20.57318699298716,0.
-116.66807543448354,20.634680173734534,0.
-117.18437480378732,20.73626898067425,0.
-117.68755761964019,20.876907095959318,0.
-118.17423680444041,21.055238964345566,0.
-118.64116100700734,21.26961078749497,0.
-119.08524085194577,21.518083931730857,0.
-119.50357387768454,21.798450640713185,0.
-119.89346796133538,22.108251925845405,0.
-120.25246304076455,22.444797489595953,0.
-120.57835095805545,22.80518752046312,0.
-120.86919326374417,23.186336183160652,0.
-121.12333683771915,23.584996613880875,0.
-121.33942720034736,23.997787218308254,0.
-121.51641940608684,24.421219059511706,0.
-121.653586431414,24.85172411402197,0.
-121.75052498917623,25.285684167372672,0.
-121.8071587223124,25.719460115207838,0.
-121.8237387510968,26.14942143277563,0.
-121.80084156948371,26.571975574265174,0.
-121.73936430758792,26.983597064011732,0.
-121.64051739865636,27.38085604408859,0.
-121.50581470989529,27.760446047206116,0.
-121.33706121704658,28.119210770107372,0.
-121.13633832248883,28.45416963074213,0.
-120.90598693571357,28.762541902344143,0.
-120.64858845313925,29.04176922905767,0.
-120.36694379123003,29.289536340858238,0.
-120.06405064264312,29.50378980009012,0.
-119.74307913951347,29.68275462787491,0.
-119.40734612087671,29.824948675808024,0.
-119.06028821253092,29.929194626610524,0.
-118.70543393725089,29.994629526595972,0.
-118.3463750811158,30.020711772791586,0.
-117.98673754773506,30.0072254981556,0.
-117.6301519362998,29.954282319394764,0.
-117.28022408162502,29.862320433233936,0.
-116.94050579465362,29.732101068453186,0.
-116.61446604027181,29.564702322411556,0.
-116.30546278574535,29.361510431948165,0.
-116.01671574765714,29.124208549318833,0.
-115.75128025795476,28.854763114022134,0.
-115.51202246065674,28.555407930828963,0.
-115.30159603999637,28.228626082897005,0.
-115.12242066838475,27.877129826375615,0.
-114.97666234865385,27.50383862924524,0.
-114.8662158097076,27.111855532157975,0.
-114.79268909808651,26.70444202262715,0.
-114.7573904901777,26.284991625949488,0.
-114.76131783101656,25.857002426628817,0.
-114.80515038598492,25.424048742729664,0.
-114.88924327136938,24.989752182443553,0.
-115.013624508869,24.557752317153845,0.
-115.17799472790188,24.13167720838704,0.
-115.38172951812733,23.715114027223393,0.
-115.62388441314816,23.31158000398964,0.
-115.90320246505946,22.92449394338406,0.
-116.21812434853835,22.557148535607553,0.
-116.56680091269403,22.212683687629927,0.
-116.94710807908349,21.89406109046493,0.
-117.35666396530775,21.604040228320756,0.
-117.79284809558756,21.34515602382345,0.
-118.25282254282561,21.119698300265703,0.
-118.73355483102625,20.929693227127014,0.
-119.23184241269583,20.776886899056713,0.
-119.74433852309708,20.662731181242464,0.
-120.26757920208655,20.58837193574143,0.
-120.79801126481243,20.55463972407865,0.
-121.33202099487029,20.562043061372915,0.
-121.86596332766531,20.61076427659721,0.
-122.39619128776273,20.7006580124853,0.
-122.91908544195087,20.83125237722942,0.
-123.43108312961549,21.001752738649188,0.
-123.92870723382511,21.21104813012213,0.
-124.40859426024646,21.457720216425585,0.
-124.86752149660973,21.740054746918176,0.
-125.30243303288849,22.056055403355714,0.
-125.71046443157823,22.403459930252325,0.
-126.08896584838703,22.779758417222524,0.
-126.43552341619257,23.182213585319403,0.
-126.7479787191797,23.60788291316436,0.
-127.0244461995304,24.053642423769848,0.
-127.26332835577405,24.516211939515934,0.
-127.46332860978032,24.992181600855773,0.
-127.62346173824946,25.478039434097546,0.
-127.74306178426758,25.970199745116982,0.
-127.82178738489357,26.465032109170966,0.
-127.85962447165905,26.958890722155672,0.
-127.85688632212882,27.4481438757288,0.
-127.81421096211034,27.929203317711895,0.
-127.73255593954647,28.398553260117147,0.
-127.61319051240056,28.85277879999691,0.
-127.45768531377543,29.288593523065067,0.
-127.26789957792818,29.70286606665676,0.
-127.04596603058677,30.09264542701449,0.
-126.79427356587964,30.455184806054923,0.
-126.5154478501071,30.787963804591023,0.
-126.21233000936327,31.088708782370613,0.
-125.88795357352893,31.35541122012976,0.
-125.54551986326778,31.5863439350336,0.
-125.18837201926387,31.780075018251782,0.
-124.81996788392604,31.93547938185524,0.
-124.44385195507608,32.051747821571446,0.
-124.06362663864708,32.12839352204416,0.
-123.68292303309465,32.165255951944886,0.
-123.30537148201213,32.162502117411535,0.
-122.93457213331926,32.120625163672955,0.
-122.57406574333825,32.04044033618307,0.
-122.22730496209132,31.923078333962167,0.
-121.89762633225612,31.7699761089516,0.
-121.58822322844077,31.58286518586184,0.
-121.30211995582675,31.363757597063817,0.
-121.04214721784552,31.1149295463794,0.
-120.81091915147051,30.838902934009596,0.
-120.61081211601916,30.538424892152726,0.
-120.44394540716463,30.216445496967566,0.
-120.312164052273,29.87609383729723,0.
-120.2170238263352,29.520652633872302,0.
-120.15977860978707,29.153531614443295,0.
-120.14137019055578,28.778239860364515,0.
-120.1624205928841,28.39835734847528,0.
-120.22322699503306,28.01750591863976,0.
-120.32375927700535,27.63931990195504,0.
-120.46366021814536,27.26741664738301,0.
-120.64224834302003,26.905367185386076,0.
-120.8585233925496,26.55666726603542,0.
-121.11117437610605,26.2247090060311,0.
-121.39859013940642,25.91275337414301,0.
-121.71887236266227,25.623903737796887,0.
-122.0698508837764,25.3610806849386,0.
-122.44910122255686,25.126998324987618,0.
-122.85396416410161,24.92414226071883,0.
-123.28156724284048,24.75474940938527,0.
-123.72884795333435,24.620789836426844,0.
-124.19257849995576,24.523950748818155,0.
-124.66939188511707,24.46562277762822,0.
-125.15580912487891,24.44688866083413,0.
-125.6482673716441,24.468514418002233,0.
-126.14314871630181,24.530943088279635,0.
-126.63680943668483,24.63429108239034,0.
-127.12560945559157,24.77834717817105,0.
-127.6059417699275,24.962574167783487,0.
-128.0742616127539,25.186113143276135,0.
-128.52711511219445,25.44779038581187,0.
-128.96116721522324,25.74612680280318,0.
-129.3732286503063,26.079349836571502,0.
-129.760281710651,26.445407748142546,0.
-130.1195046493624,26.841986160562833,0.
-130.4482944890433,27.266526727834304,0.
-130.7442880612066,27.716247778356113,0.
-131.0053811052002,28.188166765781954,0.
-131.22974527204948,28.679124345569445,0.
-131.41584289558278,29.18580988234087,0.
-131.562439411277,29.704788181590295,0.
-131.66861332230133,30.232527229363864,0.
-131.7337636320915,30.765426715379974,0.
-131.75761468329404,31.299847108714744,0.
-131.7402183639138,31.832139050704964,0.
-131.6819536628099,32.35867282715373,0.
-131.5835235781402,32.875867681282045,0.
-131.44594940378192,33.3802207301576,0.
-131.27056243997905,33.86833525054376,0.
-131.05899319531713,34.33694810521347,0.
-130.81315816743316,34.782956087733105,0.
-130.53524430946618,35.20344097247297,0.
-130.22769130798764,35.59569306708452,0.
-129.89317181586534,35.95723307680399,0.
-129.5345698000686,36.28583210360835,0.
-129.15495717968128,36.57952961834653,0.
-128.75756894322797,36.8366492603774,0.
-128.34577694672961,37.05581233682997,0.
-127.92306260458201,37.23594891222326,0.
-127.49298869431423,37.37630639868708,0.
-127.05917050345425,37.47645557725755,0.
-126.62524655205767,37.53629400151411,0.
-126.19484912788712,37.556046756014666,0.
-125.77157487274832,37.536264563396784,0.
-125.35895565807294,37.47781925547393,0.
-124.96042998549935,37.381896644993404,0.
-124.57931514395013,37.24998685576291,0.
-124.21878034858334,37.08387218942579,0.
-123.88182107904592,36.88561262710508,0.
-123.5712348247502,36.657529083280906,0.
-123.28959843350482,36.40218454746044,0.
-123.03924724685277,36.12236326629679,0.
-122.82225619100754,35.82104813467542,0.
-122.64042297644728,35.50139647878342,0.
-122.49525354215953,35.16671442719412,0.
-122.38794986235843,34.820430077427694,0.
-122.31940021437417,34.46606567519983,0.
-122.29017198649157,34.10720903156114,0.
-122.30050708395522,33.747484409299624,0.
-122.35031997032769,33.390523114274416,0.
-122.43919836005492,33.03993402973774,0.
-122.56640655663301,32.69927433216222,0.
-122.73089140935535,32.37202062562377,0.
-122.93129084042268,32.061540728400026,0.
-123.16594487339296,31.771066340166517,0.
-123.43290907370087,31.50366681104308,0.
-123.7299702924513,31.26222422482638,0.
-124.05466458604803,31.04940999810425,0.
-124.40429716660589,30.867663184678975,0.
-124.77596422165689,30.719170660921613,0.
-125.16657642652872,30.60584935245556,0.
-125.57288395907342,30.529330646042826,0.
-125.991502814263,30.490947112858592,0.
-126.4189422056466,30.49172165063041,0.
-126.8516328318661,30.532359132538296,0.
-127.28595577942482,30.61324063048116,0.
-127.71827182775446,30.734420259476604,0.
-128.1449509193671,30.89562466874434,0.
-128.56240155654498,31.096255183599837,0.
-128.96709988661362,31.335392580827424,0.
-129.3556182403653,31.611804458885793,0.
-129.72465289262615,31.923955143294165,0.
-130.07105082025691,32.27001804702717,0.
-130.39183524099167,32.647890385873424,0.
-130.68422972638794,33.05521012965099,0.
-130.94568069370385,33.48937505207429,0.
-131.17387809463884,33.947563725080386,0.
-131.36677413347027,34.42675828768118,0.
-131.5225998630699,34.923768805046144,0.
-131.6398795244605,35.43525902064626,0.
-131.71744251383925,35.95777329301569,0.
-131.75443288019767,36.48776449909597,0.
-131.75031627665754,37.02162267830615,0.
-131.70488430925224,37.55570418548455,0.
-131.61825624795023,38.08636111673051,0.
-131.49087808606816,38.60997076996307,0.
-131.3235189556846,39.12296490173472,0.
-131.11726492806756,39.621858543486574,0.
-130.8735102492957,40.10327814399743,0.
-130.59394608201444,40.56398881023319,0.
-130.28054684445388,41.00092042610148,0.
-129.93555425728545,41.41119243769921,0.
-129.5614592274477,41.792137104433934,0.
-129.16098171557962,42.14132102781949,0.
-128.7370487500234,42.45656478368591,0.
-128.2927707653585,42.735960498897526,0.
-127.83141645699378,42.97788723030932,0.
-127.35638635535378,43.18102402148355,0.
-126.87118533356124,43.344360531484185,0.
-126.3793942711496,43.46720514972078,0.
-125.88464110317153,43.54919053116223,0.
-125.39057148904325,43.590276507121615,0.
-124.90081933854407,43.590750348057036,0.
-124.41897743354512,43.55122437626744,0.
-123.94856838326784,43.47263094781371,0.
-123.49301614817081,43.35621484429016,0.
-123.05561836296359,43.203523136037674,0.
-122.63951968277489,43.016392598857166,0.
-122.24768636822242,42.796934786085316,0.
-121.8828823151011,42.54751887687272,0.
-121.5476467227159,42.27075243950637,0.
-121.2442735816183,41.96946026549379,0.
-120.97479314678006,41.64666144574302,0.
-120.7409555461658,41.30554487440202,0.
-120.54421665738153,40.949443378648326,0.
-120.38572636671648,40.581806683842096,0.
-120.2663193056113,40.20617343288221,0.
-120.18650813953256,39.82614248626232,0.
-120.14647946357223,39.445343735144085,0.
-120.1460923379909,39.067408663708775,0.
-120.18487947555415,38.695940899075794,0.
-120.26205107104683,38.33448698717934,0.
-120.37650124196168,37.986507631163434,0.
-120.52681702822414,37.655349625112905,0.
-120.71128987809914,37.34421871030911,0.
-120.92792952730213,37.05615357373169,0.
-121.17448015896504,36.79400119928093,0.
-121.44843871364404,36.56039377124744,0.
-121.74707520115352,36.357727316989,0.
-122.06745484980618,36.18814226169788,0.
-122.40646191376686,36.05350605266308,0.
-122.76082494580457,35.95539799368191,0.
-123.12714333086734,35.89509641238339,0.
-123.50191486569662,35.873568264343426,0.
-123.88156416123326,35.89146125814618,0.
-124.26247163790374,35.94909856514049,0.
-124.6410028790792,36.04647615671815,0.
-125.01353810509865,36.18326279067212,0.
-125.37650152927262,36.358802646749794,0.
-125.7263903582382,36.572120590072394,0.
-126.05980320191584,36.82193001981975,0.
-126.3734676630968,37.10664323965407,0.
-126.66426688333053,37.424384265942564,0.
-126.92926483023001,37.77300397010755,0.
-127.16573012149988,38.15009743253724,0.
-127.3711581928376,38.5530233675903,0.
-127.54329163026249,38.97892546246136,0.
-127.68013850228638,39.424755457184034,0.
-127.77998854352947,39.88729777895323,0.
-127.8414270587763,40.3631955313675,0.
-127.8633464349193,40.84897762822423,0.
-127.84495516759998,41.341086852237204,0.
-127.78578432947508,41.83590861155651,0.
-127.68569142774385,42.32980016132528,0.
-127.54486161970581,42.81912005374103,0.
-127.36380627650288,43.30025757824194,0.
-127.1433589066659,43.76966195351557,0.
-126.88466847245587,44.22387103503902,0.
-126.58919015309523,44.659539305778836,0.
-126.2586736296494,45.07346492348369,0.
-125.89514898638122,45.46261560563629,0.
-125.50091034269387,45.82415314254227,0.
-125.07849734814707,46.15545634013695,0.
-124.63067469032967,46.45414220680165,0.
-124.16040978145644,46.71808521269517,0.
-123.67084880429896,46.94543446570823,0.
-123.16529131134075,47.13462866501248,0.
-122.64716358275892,47.284408711164716,0.
-122.11999095887911,47.393827870696484,0.
-121.58736937105455,47.46225941291382,0.
-121.05293630140507,47.48940165709375,0.
-120.52034140647848,47.475280389225325,0.
-119.99321704261389,47.420248628735216,0.
-119.4751489315844,47.324983747088794,0.
-118.96964720396028,47.19048196159241,0.
-118.48011805457645,47.018050248969644,0.
-118.00983623953225,46.80929574416905,0.
-117.56191863734203,46.566112710217965,0.
-117.13929908823884,46.29066718459691,0.
-116.74470471528902,45.98537942641752,0.
-116.38063391897943,45.65290430648725,0.
-116.04933622339523,45.29610979899688,0.
-115.75279413711601,44.91805374893171,0.
-115.49270717565149,44.52195910326587,0.
-115.27047817474005,44.11118780643234,0.
-115.08720200529153,43.6892135713756,0.
-114.94365678131373,43.25959374659321,0.
-114.84029763198369,42.82594050689127,0.
-114.7772530882687,42.391891601052485,0.
-114.75432411333878,41.96108089320243,0.
-114.77098578461184,41.537108936329055,0.
-114.82639161380884,41.12351381615011,0.
-114.91938047004338,40.723742501335046,0.
-115.04848604989922,40.34112293198932,0.
-115.21194881783255,39.97883707233252,0.
-115.40773032024043,39.63989514569702,0.
-115.63352975732185,39.3271112604044,0.
-115.88680267858332,39.043080623816884,0.
-116.16478165065026,38.79015852900637,0.
-116.4644987300805,38.57044128413503,0.
-116.78280955926596,38.38574923891562,0.
-117.11641889037048,38.23761204554464,0.
-117.46190733069167,38.12725627341514,0.
-117.8157590929489,38.055595477862404,0.
-118.17439052586388,38.023222803331514,0.
-118.53417919408624,38.030406180841126,0.
-118.89149327206665,38.07708615861784,0.
-119.24272101394219,38.162876383461175,0.
-119.58430006088042,38.287066728942655,0.
-119.91274634864732,38.44862904511783,0.
-120.22468238139682,38.646225483209626,0.
-120.51686464281262,38.87821932787829,0.
-120.78620992271475,39.14268824939582,0.
-121.02982034602155,39.43743986845398,0.
-121.24500690146249,39.76002950761573,0.
-121.42931127958036,40.10777998571969,0.
-121.58052584324766,40.4778032950109,0.
-121.6967115690377,40.86702398553062,0.
-121.77621381421612,41.27220406747881,0.
-121.81767578171946,41.689969229975375,0.
-121.82004957412092,42.116836163991024,0.
-121.78260474709923,42.54924076827977,0.
-121.70493429316744,42.983567009998794,0.
-121.5869580072188,43.416176206401,0.
-121.4289232066403,43.84343649057743,0.
-121.2314028001577,44.26175222273676,0.
-120.99529072103655,44.66759310895068,0.
-120.72179476159886,45.057522791660006,0.
-120.41242686704885,45.42822668051412,0.
-120.06899096716847,45.77653879826398,0.
-119.69356844437155,46.099467424402924,0.
-119.28850135573984,46.39421932897921,0.
-118.85637354484305,46.658222400418055,0.
-118.39998979622749,46.88914648418902,0.
-117.9223532013002,47.08492226363845,0.
-117.42664091881545,47.24375803015244,0.
-116.91617852616332,47.36415420690245,0.
-116.3944131690682,47.44491550860823,0.
-115.86488572703091,47.48516063888847,0.
-115.3312022198155,47.484329446701125,0.
-114.79700468642515,47.44218748394347,0.
-114.2659417722811,47.358827927317634,0.
-113.74163926268106,47.23467084890273,0.
-113.22767080104873,47.070459841335335,0.
-112.7275290289892,46.86725602491359,0.
-112.24459738175149,46.6264294851317,0.
-111.78212276739451,46.349648209951724,0.
-111.3431893507987,46.038864616357074,0.
-110.93069365472311,45.696299775246516,0.
-110.547321179447,45.32442546235782,0.
-110.19552473024208,44.925944180507685,0.
-109.87750462809782,44.503767314854954,0.
-109.59519096387871,44.060991598008,0.
-109.35022803955101,43.600874075476256,0.
-109.14396112241377,43.12680577410641,0.
-108.97742561954556,42.642284286640745,0.
-108.851338760089,42.15088549431074,0.
-108.76609385269448,41.656234656353966,0.
-108.72175716459985,41.16197710046849,0.
-108.71806744760259,40.671748751447296,0.
-108.7544381147551,40.18914673654744,0.
-108.82996205015742,39.71770030552523,0.
-108.94341901290846,39.26084230072266,0.
-109.09328557527796,38.821881408137735,0.
-109.27774751464811,38.40397541408964,0.
-109.49471455891191,38.01010568394961,0.
-109.74183736596513,37.64305306951608,0.
-110.01652659984487,37.30537544004895,0.
-110.31597394909619,36.999387018834774,0.
-110.63717491722699,36.72713969253938,0.
-110.9769532007676,36.490406444635745,0.
-111.33198645759968,36.29066704700202,0.
-111.69883325696644,36.12909612550464,0.
-112.07396099301063,36.00655369616618,0.
-112.45377453588739,35.92357824851857,0.
-112.8346453885288,35.88038243212435,0.
-113.21294111304493,35.87685138117699,0.
-113.5850547885616,35.91254369073724,0.
-113.94743426204306,35.98669503669875,0.
-114.29661095532117,36.0982244101762,0.
-114.62922799514784,36.245742915847,0.
-114.94206743856388,36.4275650630229,0.
-115.23207637320363,36.64172245805094,0.
-115.49639168125942,36.885979787205066,0.
-115.73236326664899,37.15785296068972,0.
-115.93757555736622,37.45462927088267,0.
-116.10986710895963,37.77338940164056,0.
-116.24734815045225,38.111031110507355,0.
-116.3484159306717,38.46429439212364,0.
-116.41176774076413,38.82978791914561,0.
-116.43641150747621,39.20401654664151,0.
-116.42167387145231,39.58340965732525,0.
-116.36720568515233,39.96435011817981,0.
-116.27298488588201,40.34320361407549,0.
-116.13931672067558,40.71634812093429,0.
-115.96683132120549,41.080203279864776,0.
-115.75647864834488,41.431259434491075,0.
-115.50952084729923,41.766106096427194,0.
-115.22752207518515,42.08145960847556,0.
-114.91233588339209,42.37418978162451,0.
-114.56609025685711,42.641345290223896,0.
-114.19117043134791,42.880177619771736,0.
-113.79019962783704,43.08816337345889,0.
-113.36601785990806,43.26302475690606,0.
-112.92165898573465,43.40274807527189,0.
-112.46032619038161,43.5056000930012,0.
-111.98536609688374,43.57014212378243,0.
-111.50024171565663,43.59524173665725,0.
-111.00850445119792,43.580081983520174,0.
-110.51376539266755,43.52416807331012,0.
-110.0196661207334,43.42733143886315,0.
-109.52984926698242,43.289731163500974,0.
-109.04792906420249,43.1118527558016,0.
-108.57746212591266,42.894504282463174,0.
-108.12191869166426,42.63880989055771,0.
-107.68465457086614,42.34620077160276,0.
-107.26888401223118,42.01840364058598,0.
-106.87765371845065,41.65742682319345,0.
-106.51381821643199,41.26554406385241,0.
-106.18001678246381,40.84527618564893,0.
-105.87865210908411,40.399370750567584,0.
-105.61187088633115,39.93077988468829,0.
-105.38154645455926,39.44263644782765,0.
-105.18926366923466,38.93822874051505,0.
-105.03630610021996,38.42097395303084,0.
-104.9236456691611,37.89439057141859,0.
-104.85193480885417,37.362069963824425,0.
-104.82150120805589,36.82764737715334,0.
-104.83234518427332,36.294772578802785,0.
-104.88413970579643,35.7670803811095,0.
-104.97623306279263,35.248161287092785,0.
-105.10765416583979,34.7415324950976,0.
-105.27712042900588,34.25060949703321,0.
-105.48304817366362,33.77867850010067,0.
-105.72356546882367,33.32886989523468,0.
-105.9965273040474,32.904132987014734,0.
-106.29953297212036,32.50721218958671,0.
-106.62994552077885,32.14062488127226,0.
-106.98491311603583,31.80664109711484,0.
-107.36139214417783,31.50726522373511,0.
-107.7561718654308,31.244219844660584,0.
-108.1659004197341,31.01893186688651,0.
-108.5871119741156,30.832521040960415,0.
-109.01625479192174,30.685790967507693,0.
-109.4497199966925,30.57922266298936,0.
-109.88387079785129,30.51297073676681,0.
-110.3150719416387,30.486862210411683,0.
-110.73971914889836,30.50039798881071,0.
-111.1542683014271,30.552756971150604,0.
-111.5552641406401,30.64280276849941,0.
-111.93936824624636,30.76909297360146,0.
-112.30338606845984,30.92989090784425,0.
-112.64429279493149,31.123179750303553,0.
-112.95925784302148,31.346678934492065,0.
-113.24566777915653,31.597862680080024,0.
-113.50114747975083,31.873980509575333,0.
-113.72357936240097,32.1720795838824,0.
-113.91112053168825,32.489028675937504,0.
-114.06221770079944,32.821543588357365,0.
-114.17561976818251,33.166213809350296,0.
-114.25038794743459,33.519530191114654,0.
-114.2859033684254,33.87791342667489,0.
-114.28187208812817,34.23774309464041,0.
-114.23832747059771,34.59538703677641,0.
-114.1556299168306,34.947230830582285,0.
-114.0344639466944,35.28970711830252,0.
-113.87583265654607,35.61932455495955,0.
-113.68104959740316,35.932696141079404,0.
-113.4517281394098,36.226566710763755,0.
-113.18976840868835,36.49783935259675,0.
-112.89734190231621,36.743600549515975,0.
-112.57687390596362,36.96114383414372,0.
-112.23102385651325,37.14799176809324,0.
-111.8626638086186,37.30191606732973,0.
-111.47485517950393,37.42095571067447,0.
-111.07082396024728,37.50343288486432,0.
-110.65393459419974,37.54796663709189,0.
-110.22766273398508,37.553484124508145,0.
-109.79556709759862,37.51922936962103,0.
-109.36126065141879,37.44476945071202,0.
-108.92838135339306,37.32999807715479,0.
-108.50056269321907,37.17513652068873,0.
-108.08140426798478,36.98073189510151,0.
-107.67444263144812,36.74765279823932,0.
-107.28312265291568,36.47708235161304,0.
-106.91076961756129,36.17050869393508,0.
-106.56056229401884,35.82971300552966,0.
-106.23550718725711,35.456755160546486,0.
-105.93841418514964,35.05395712310986,0.
-105.67187379587014,34.62388422179637,0.
-105.438236160368,34.16932445400777,0.
-105.23959200981102,33.69326598775556,0.
-105.07775572213659,33.19887304296079,0.
-104.95425061486333,32.68946034749283,0.
-104.87029659321318,32.16846637470707,0.
-104.82680025352836,31.639425579103236,0.
-104.82434752209384,31.105939854837498,0.
-104.86319888895306,30.571649448112044,0.
-104.94328727529891,30.040203558885306,0.
-105.06421855170512,29.5152308698608,0.
-105.2252747030057,29.000310241304394,0.
-105.42541961420653,28.498941808891978,0.
-105.66330743059774,28.014518718532926,0.
-105.93729342439795,27.550299726954275,0.
-106.24544727997329,27.109382889825184,0.
-106.58556869009573,26.694680550397905,0.
-106.95520513699915,26.308895831113183,0.
-107.35167171430803,25.95450081845272,0.
-107.77207282938994,25.633716617617324,0.
-108.21332561046754,25.348495438470174,0.
-108.6721848290206,25.10050485774635,0.
-109.14526913574842,24.891114384911226,0.
-109.62908839772686,24.721384440404854,0.
-110.12007191548133,24.592057835482056,0.
-110.61459729157615,24.503553822608296,0.
-111.10901971704591,24.455964764564353,0.
-111.59970143861088,24.449055449215813,0.
-112.08304116815842,24.482265055487453,0.
-112.55550319643734,24.554711754622947,0.
-113.01364597530643,24.665199909478297,0.
-113.4541499371821,24.812229813568344,0.
-113.87384432650305,24.994009891027126,0.
-114.26973282602708,25.208471258722653,0.
-114.6390177705317,25.45328453264697,0.
-114.97912275192441,25.725878742535933,0.
-115.2877134327872,26.023462201606492,0.
-115.56271639988543,26.343045162476542,0.
-115.80233590503335,26.681464075870615,0.
-116.00506835781198,27.035407255744047,0.
-116.16971445283154,27.40144174307221,0.
-116.29538883337794,27.776041150848524,0.
-116.38152721322552,28.155614264894265,0.
-116.42789089897263,28.53653416896447,0.
-116.43456867629813,28.915167658388413,0.
-116.40197604487517,29.287904704151977,0.
-116.33085180814024,29.651187728915957,0.
-116.2222520455258,30.001540457990913,0.
-116.0775415159536,30.335596111727323,0.
-115.89838256217827,30.65012471111078,0.
-115.68672160580007,30.94205927553189,0.
-115.44477334226787,31.20852070066683,0.
-115.17500276381247,31.446841115087185,0.
-114.88010515583021,31.654585526534678,0.
-114.5629842286421,31.82957158263842,0.
-114.2267285616476,31.969887286115444,0.
-113.87458655055073,32.0739065210541,0.
-113.50994006045448,32.140302264596734,0.
-113.13627699809604,32.168057377074334,0.
-112.75716302524069,32.156472883247524,0.
-112.37621264220869,32.10517367761608,0.
-111.99705987560553,32.014111607610324,0.
-111.62332880752895,31.883565909702966,0.
-111.25860418481253,31.714140994906472,0.
-110.90640234621404,31.50676160157679,0.
-110.57014270288589,31.262665354754557,0.
-110.25312000298615,30.98339279226835,0.
-109.95847760493969,30.670774938329423,0.
-109.68918197569593,30.32691852519893,0.
-109.44799862041504,29.95418898254856,0.
-109.23746963842416,29.555191332201684,0.
-109.05989308712564,29.13274914290073,0.
-108.91730432090137,28.689881715446717,0.
-108.81145945607238,28.22977968288297,0.
-108.74382109576378,27.755779223224767,0.
-108.71554643023053,27.271335093466206,0.
-108.7274778089732,26.77999270313692,0.
-108.780135860964,26.285359453458575,0.
-108.87371521867749,25.791075574091195,0.
-109.00808288054452,25.300784693529543,0.
-109.18277922509046,24.81810438136555,0.
-109.3970216685551,24.346596900858486,0.
-109.64971093639406,23.8897404085543,0.
-109.93943989790223,23.45090083407738,0.
-110.2645048924549,23.033304667709007,0.
-110.62291945569095,22.64001287602315,0.
-111.01243033453792,22.273896156716585,0.
-111.43053566145191,21.937611732929753,0.
-111.87450514076544,21.63358187489599,0.
-112.34140208375192,21.363974322771966,0.
-112.82810711404942,21.13068476911494,0.
-113.33134335156518,20.93532154280045,0.
-113.84770287101617,20.779192618353438,0.
-114.37367422094366,20.663295055843545,0.
-114.90567078045221,20.588306956821615,0.
-115.44005972414844,20.554582001406835,0.
-115.97319136082574,20.56214661074218,0.
-116.50142860842067,20.610699757783994,0.
-117.02117636666112,20.699615427955003,0.
-117.52891054965441,20.827947709740265,0.
-118.02120654341775,20.99443847401788,0.
-118.49476685800792,21.197527579961868,0.
-118.9464477504239,21.435365524902227,0.
-119.37328460279151,21.705828435746156,0.
-119.77251585041145,22.006535280609526,0.
-120.14160526599072,22.334867161336003,0.
-120.47826241968504,22.687988530738753,0.
-120.78046114934408,23.06287016281896,0.
-121.04645589145787,23.456313690025162,0.
-121.2747957406216,23.864977508936,0.
-121.46433612371926,24.285403844668615,0.
-121.61424799433703,24.71404675493759,0.
-121.72402447298883,25.147300847084345,0.
-121.79348487941135,25.58153047562274,0.
-121.82277612429628,26.013099183960634,0.
-121.81237144920132,26.438399151978444,0.
-121.76306652484678,26.85388041109849,0.
-121.6759729393876,27.256079590362468,0.
-121.552509129377,27.641647960830234,0.
-121.39438882683885,28.007378551290586,0.
-121.20360711597097,28.350232115796693,0.
-120.98242421235176,28.6673617428279,0.
-120.73334709595622,28.956135906879076,0.
-120.45910914666108,29.214159775884163,0.
-120.16264794708769,29.43929460199941,0.
-119.84708143246492,29.629675038786928,0.
-119.51568258057459,29.783724244623542,0.
-119.17185284666144,29.90016665007858,0.
-118.81909455834484,29.97803828591544,0.
-118.46098249399064,30.016694588115474,0.
  </coordinates>
 </LineString>
<Style> 
  <LineStyle>  
   <color>#ff0000ff</color>
   <gx:physicalWidth>30</gx:physicalWidth>
  </LineStyle> 
 </Style>
</Placemark>

</Document></kml>

